SM:2022-10-25T11:24:54.7467622Z
LM:2022-10-25T11:37:26.2858314Z
CT:image/jpeg
MA:604800
CL:241768
