SM:2022-10-26T14:06:28.7649625Z
LM:2022-10-26T14:06:29.2613136Z
CT:image/png
MA:604800
CL:55717
