SM:2022-10-25T11:24:55.4572936Z
LM:2022-10-25T11:37:43.0175947Z
CT:image/jpeg
MA:604800
CL:131337
