SM:2022-10-26T14:30:32.2524028Z
LM:2022-10-26T14:30:43.1931606Z
CT:image/png
MA:604800
CL:344739
