SM:2022-10-25T11:24:55.1437837Z
LM:2022-10-25T11:37:26.3548693Z
CT:image/jpeg
MA:604800
CL:214572
