SM:2022-10-25T11:38:50.8166003Z
LM:2022-10-26T12:32:43.5837358Z
CT:image/jpeg
MA:604800
CL:80875
