SM:2022-11-01T12:14:57.6144969Z
LM:2022-11-01T12:15:17.8046544Z
CT:image/jpeg
MA:604800
CL:125137
