SM:2022-10-25T11:24:55.0612250Z
LM:2022-10-25T11:37:26.2004143Z
CT:image/jpeg
MA:604800
CL:155584
