SM:2022-11-01T09:25:25.5551531Z
LM:2022-11-01T09:25:40.5104727Z
CT:image/jpeg
MA:604800
CL:751561
