SM:2022-10-25T11:24:54.6732129Z
LM:2022-10-25T11:37:26.6652683Z
CT:image/jpeg
MA:604800
CL:180347
