SM:2022-10-25T11:24:54.9025553Z
LM:2022-10-25T11:37:26.1817034Z
CT:image/jpeg
MA:604800
CL:250140
