SM:2022-10-26T14:30:32.2524028Z
LM:2022-10-26T14:30:32.7354164Z
CT:image/png
MA:604800
CL:48324
