SM:2022-10-25T11:24:55.3790462Z
LM:2022-10-25T11:40:25.3489714Z
CT:image/jpeg
MA:604800
CL:252005
