SM:2022-11-01T11:46:01.0051514Z
LM:2022-11-01T11:48:07.3496156Z
CT:image/jpeg
MA:604800
CL:34197
