SM:2022-11-01T10:01:56.8792014Z
LM:2022-11-01T10:02:01.6409775Z
CT:image/jpeg
MA:604800
CL:34197
