SM:2022-10-25T11:38:50.8166003Z
LM:2022-10-25T11:38:51.1825149Z
CT:image/jpeg
MA:604800
CL:80602
