SM:2022-10-25T11:24:54.4284523Z
LM:2022-10-25T11:25:34.0959066Z
CT:image/jpeg
MA:604800
CL:145171
