SM:2022-11-01T10:01:56.8792014Z
LM:2022-11-01T10:01:57.1984419Z
CT:image/jpeg
MA:604800
CL:5833
