SM:2022-11-01T11:46:01.0051514Z
LM:2022-11-01T11:59:45.4480928Z
CT:image/jpeg
MA:604800
CL:5833
