SM:2022-11-01T10:01:39.6197944Z
LM:2022-11-01T10:01:45.3598164Z
CT:image/jpeg
MA:604800
CL:59666
