SM:2022-10-26T12:35:07.4629600Z
LM:2022-10-26T12:35:08.5045216Z
CT:image/jpeg
MA:604800
CL:10158
