SM:2022-11-01T09:25:25.5551531Z
LM:2022-11-01T09:53:05.2780088Z
CT:image/jpeg
MA:604800
CL:145171
