SM:2022-11-01T12:14:57.6144969Z
LM:2022-11-01T12:14:58.0764119Z
CT:image/jpeg
MA:604800
CL:31875
