SM:2022-10-25T11:24:54.5019311Z
LM:2022-10-25T18:20:40.2780414Z
CT:image/jpeg
MA:604800
CL:626201
