SM:2022-10-26T12:59:50.8772610Z
LM:2022-10-26T12:59:51.4880295Z
CT:image/png
MA:604800
CL:85821
