SM:2022-10-26T14:06:28.7649625Z
LM:2022-10-26T14:06:39.2222183Z
CT:image/png
MA:604800
CL:384941
