SM:2022-10-25T11:38:50.8166003Z
LM:2022-10-25T11:39:01.9667925Z
CT:image/jpeg
MA:604800
CL:248946
