SM:2022-11-01T09:25:25.6502042Z
LM:2022-11-01T10:04:26.8672158Z
CT:image/jpeg
MA:604800
CL:925734
