SM:2022-11-01T11:46:00.9971536Z
LM:2022-11-01T12:15:59.3806489Z
CT:image/jpeg
MA:604800
CL:925734
