SM:2022-10-25T11:24:54.5019311Z
LM:2022-10-25T11:37:26.5779991Z
CT:image/jpeg
MA:604800
CL:101848
