SM:2022-10-25T11:30:43.9320493Z
LM:2022-10-25T11:39:59.6012827Z
CT:image/jpeg
MA:604800
CL:72037
