SM:2022-10-26T12:35:07.4629600Z
LM:2022-10-26T12:35:16.8529606Z
CT:image/jpeg
MA:604800
CL:58510
