SM:2022-10-25T11:24:55.0612250Z
LM:2022-10-25T11:35:22.0412570Z
CT:image/jpeg
MA:604800
CL:340866
