SM:2022-10-25T11:24:54.5964537Z
LM:2022-10-25T11:26:55.9830636Z
CT:image/jpeg
MA:604800
CL:925734
