SM:2022-10-26T12:48:53.8588220Z
LM:2022-10-26T12:48:54.2683290Z
CT:image/jpeg
MA:604800
CL:39273
