SM:2022-10-25T11:24:54.5964537Z
LM:2022-10-25T11:35:21.9645498Z
CT:image/jpeg
MA:604800
CL:199188
