SM:2022-11-01T09:25:26.1558605Z
LM:2022-11-01T10:02:59.5769702Z
CT:image/jpeg
MA:604800
CL:131337
