SM:2022-10-25T11:24:54.7467622Z
LM:2022-10-25T11:40:25.2618978Z
CT:image/jpeg
MA:604800
CL:526106
