SM:2022-10-26T12:40:00.4747082Z
LM:2022-10-26T12:40:01.2020918Z
CT:image/png
MA:604800
CL:121816
