SM:2022-10-26T12:59:50.8772610Z
LM:2022-10-26T13:00:01.5073648Z
CT:image/png
MA:604800
CL:575762
