SM:2022-10-25T11:24:55.2188643Z
LM:2022-10-25T11:37:26.2045413Z
CT:image/jpeg
MA:604800
CL:212054
