SM:2022-11-01T11:46:01.1367243Z
LM:2022-11-01T11:57:09.6725207Z
CT:image/jpeg
MA:604800
CL:1148069
