SM:2022-10-26T12:40:00.4747082Z
LM:2022-10-26T12:40:15.8034376Z
CT:image/png
MA:604800
CL:808573
