SM:2022-10-25T11:24:54.4284523Z
LM:2022-10-25T11:37:26.6850912Z
CT:image/jpeg
MA:604800
CL:144332
