SM:2022-10-25T11:24:55.3075975Z
LM:2022-10-25T11:37:26.2864648Z
CT:image/jpeg
MA:604800
CL:265860
