SM:2022-10-25T18:07:40.9239260Z
LM:2022-10-26T12:32:43.5834268Z
CT:image/jpeg
MA:604800
CL:45064
