SM:2022-11-01T11:46:01.1687188Z
LM:2022-11-01T12:54:02.6543350Z
CT:image/jpeg
MA:604800
CL:340866
