SM:2022-11-01T09:25:25.9295637Z
LM:2022-11-01T10:03:39.2723676Z
CT:image/jpeg
MA:604800
CL:340866
