SM:2022-10-25T11:24:54.9944615Z
LM:2022-10-25T11:37:26.3715839Z
CT:image/jpeg
MA:604800
CL:274348
