SM:2022-10-25T11:24:54.5964537Z
LM:2022-10-25T11:37:26.6524575Z
CT:image/jpeg
MA:604800
CL:198744
