SM:2022-10-25T11:24:54.8224396Z
LM:2022-10-25T11:37:26.2342147Z
CT:image/jpeg
MA:604800
CL:241061
