SM:2022-10-25T11:24:54.2873698Z
LM:2022-10-25T11:37:26.6397776Z
CT:image/jpeg
MA:604800
CL:189491
