SM:2022-11-01T09:25:25.6502042Z
LM:2022-11-01T10:03:39.1520000Z
CT:image/jpeg
MA:604800
CL:199188
