SM:2022-11-01T11:46:00.9971536Z
LM:2022-11-01T12:52:16.5438633Z
CT:image/jpeg
MA:604800
CL:199188
