SM:2022-11-01T09:25:25.5999142Z
LM:2022-11-01T10:03:10.5906125Z
CT:image/jpeg
MA:604800
CL:101551
